[PositionData]
Zpos = 0.000000
Ypos = 0.000000
Xpos = 0.000000
Angle = 0.000000
VirtualWorld = 0
Interior = 0
[VehicleData]
SavedVehicle = 0
[UserData]
vTime = 1530961233
vLevel = 3
